215
215
215
217
217
217
217
217
215
215
215
215
215
215
219
219
219
219
219
215
215
215
215
215
214
214
214
214
214
214
209
209
209
209
209
215
215
215
215
215
220
220
220
220
220
220
211
211
211
211
211
212
212
212
212
212
200
200
200
200
200
200
207
207
207
207
207
204
204
204
204
204
205
205
205
205
205
205
205
205
205
205
205
215
215
215
215
215
203
203
203
203
203
203
215
215
215
215
215
215
215
215
215
215
206
206
206
206
206
206
218
218
218
218
218
210
210
210
210
210
207
207
207
207
207
207
210
210
210
210
210
217
217
217
217
217
214
214
214
214
214
214
196
196
196
196
196
206
206
206
206
206
202
202
202
202
202
202
215
215
215
215
215
212
212
212
212
212
258
258
258
258
258
258
239
239
239
239
239
252
252
252
252
252
264
264
264
264
264
264
293
293
293
293
293
314
314
314
314
314
321
321
321
321
321
321
290
290
290
290
290
270
270
270
270
270
250
250
250
250
250
250
230
230
230
230
230
230
230
230
230
230
215
215
215
215
215
215
231
231
231
231
231
201
201
201
201
201
199
199
199
199
199
199
196
196
196
196
196
194
194
194
194
194
195
195
195
195
195
195
195
195
195
195
195
189
189
189
189
189
194
194
194
194
194
194
193
193
193
193
193
198
198
198
198
198
194
194
194
194
194
194
432
432
432
432
432
202
202
202
202
202
208
208
208
208
208
208
213
213
213
213
213
220
220
220
220
220
210
210
210
210
210
210
229
229
229
229
229
227
227
227
227
227
232
232
232
232
232
232
224
224
224
224
224
193
193
193
193
193
94
94
94
94
94
94
213
213
213
213
213
218
218
218
218
218
226
226
226
226
226
226
215
215
215
215
215
225
225
225
225
225
241
241
241
241
241
241
264
264
264
264
264
249
249
249
249
249
277
277
277
277
277
277
275
275
275
275
275
273
273
273
273
273
278
278
278
278
278
278
254
254
254
254
254
253
253
253
253
253
230
230
230
230
230
230
229
229
229
229
229
231
231
231
231
231
227
227
227
227
227
227
223
223
223
223
223
220
220
220
220
220
218
218
218
218
218
218
238
238
238
238
238
228
228
228
228
228
219
219
219
219
219
219
215
215
215
215
215
213
213
213
213
213
247
247
247
247
247
247
218
218
218
218
218
218
218
218
218
218
232
232
232
232
232
232
207
207
207
207
207
203
203
203
203
203
204
204
204
204
204
204
198
198
198
198
198
192
192
192
192
192
141
141
141
141
141
141
192
192
192
192
192
195
195
195
195
195
196
196
196
196
196
196
197
197
197
197
197
217
217
217
217
217
222
222
222
222
222
222
201
201
201
201
201
287
287
287
287
287
347
347
347
347
347
347
416
416
416
416
416
431
431
431
431
431
332
332
332
332
332
332
314
314
314
314
314
270
270
270
270
270
247
247
247
247
247
247
229
229
229
229
229
213
213
213
213
213
207
207
207
207
207
207
203
203
203
203
203
206
206
206
206
206
206
206
206
206
206
206
206
206
206
206
206
209
209
209
209
209
210
210
210
210
210
210
162
162
162
162
162
220
220
220
220
220
227
227
227
227
227
227
208
208
208
208
208
234
234
234
234
234
235
235
235
235
235
235
234
234
234
234
234
230
230
230
230
230
224
224
224
224
224
224
221
221
221
221
221
211
211
211
211
211
224
224
224
224
224
224
208
208
208
208
208
206
206
206
206
206
206
206
206
206
206
206
186
186
186
186
186
205
205
205
205
205
208
208
208
208
208
208
215
215
215
215
215
208
208
208
208
208
217
217
217
217
217
217
217
217
217
217
217
214
214
214
214
214
210
210
210
210
210
210
204
204
204
204
204
204
204
204
204
204
201
201
201
201
201
201
199
199
199
199
199
193
193
193
193
193
196
196
196
196
196
196
195
195
195
195
195
109
109
109
109
109
189
189
189
189
189
189
186
186
186
186
186
187
187
187
187
187
174
174
174
174
174
174
216
216
216
216
216
194
194
194
194
194
208
208
208
208
208
208
210
210
210
210
210
217
217
217
217
217
248
248
248
248
248
248
258
258
258
258
258
306
306
306
306
306
432
432
432
432
432
432
708
708
708
708
708
1173
1173
1173
1173
1173
1671
1671
1671
1671
1671
1671
2051
2051
2051
2051
2051
2291
2291
2291
2291
2291
2378
2378
2378
2378
2378
2378
2099
2099
2099
2099
2099
1450
1450
1450
1450
1450
572
572
572
572
572
572
266
266
266
266
266
220
220
220
220
220
192
192
192
192
192
192
193
193
193
193
193
184
184
184
184
184
192
192
192
192
192
192
189
189
189
189
189
199
199
199
199
199
207
207
207
207
207
207
220
220
220
220
220
242
242
242
242
242
231
231
231
231
231
231
234
234
234
234
234
230
230
230
230
230
225
225
225
225
225
225
227
227
227
227
227
204
204
204
204
204
198
198
198
198
198
198
190
190
190
190
190
187
187
187
187
187
193
193
193
193
193
193
188
188
188
188
188
214
214
214
214
214
190
190
190
190
190
190
190
190
190
190
190
190
190
190
190
190
198
198
198
198
198
198
196
196
196
196
196
192
192
192
192
192
186
186
186
186
186
186
186
186
186
186
186
189
189
189
189
189
234
234
234
234
234
234
126
126
126
126
126
191
191
191
191
191
193
193
193
193
193
193
209
209
209
209
209
255
255
255
255
255
206
206
206
206
206
206
214
214
214
214
214
215
215
215
215
215
213
213
213
213
213
213
215
215
215
215
215
225
225
225
225
225
237
237
237
237
237
237
276
276
276
276
276
294
294
294
294
294
383
383
383
383
383
383
478
478
478
478
478
510
510
510
510
510
455
455
455
455
455
455
365
365
365
365
365
301
301
301
301
301
263
263
263
263
263
263
247
247
247
247
247
245
245
245
245
245
241
241
241
241
241
241
256
256
256
256
256
263
263
263
263
263
277
277
277
277
277
277
266
266
266
266
266
287
287
287
287
287
292
292
292
292
292
292
276
276
276
276
276
267
267
267
267
267
262
262
262
262
262
262
243
243
243
243
243
236
236
236
236
236
230
230
230
230
230
230
218
218
218
218
218
216
216
216
216
216
207
207
207
207
207
207
200
200
200
200
200
198
198
198
198
198
199
199
199
199
199
199
194
194
194
194
194
191
191
191
191
191
192
192
192
192
192
192
120
120
120
120
120
194
194
194
194
194
190
190
190
190
190
190
191
191
191
191
191
192
192
192
192
192
189
189
189
189
189
189
192
192
192
192
192
194
194
194
194
194
195
195
195
195
195
195
201
201
201
201
201
202
202
202
202
202
175
175
175
175
175
175
206
206
206
206
206
210
210
210
210
210
204
204
204
204
204
204
204
204
204
204
204
211
211
211
211
211
208
208
208
208
208
208
135
135
135
135
135
209
209
209
209
209
222
222
222
222
222
222
223
223
223
223
223
232
232
232
232
232
246
246
246
246
246
246
249
249
249
249
249
252
252
252
252
252
246
246
246
246
246
246
246
246
246
246
246
256
256
256
256
256
244
244
244
244
244
244
234
234
234
234
234
229
229
229
229
229
229
229
229
229
229
229
225
225
225
225
225
232
232
232
232
232
230
230
230
230
230
230
223
223
223
223
223
227
227
227
227
227
226
226
226
226
226
226
227
227
227
227
227
222
222
222
222
222
228
228
228
228
228
228
211
211
211
211
211
222
222
222
222
222
211
211
211
211
211
211
204
204
204
204
204
209
209
209
209
209
216
216
216
216
216
216
204
204
204
204
204
206
206
206
206
206
210
210
210
210
210
210
223
223
223
223
223
210
210
210
210
210
218
218
218
218
218
218
214
214
214
214
214
217
217
217
217
217
215
215
215
215
215
215
204
204
204
204
204
204
204
204
204
204
208
208
208
208
208
208
209
209
209
209
209
208
208
208
208
208
199
199
199
199
199
199
215
215
215
215
215
213
213
213
213
213
210
210
210
210
210
210
213
213
213
213
213
216
216
216
216
216
215
215
215
215
215
215
213
213
213
213
213
203
203
203
203
203
210
210
210
210
210
210
217
217
217
217
217
215
215
215
215
215
216
216
216
216
216
216
220
220
220
220
220
221
221
221
221
221
221
221
221
221
221
221
223
223
223
223
223
229
229
229
229
229
232
232
232
232
232
232
224
224
224
224
224
221
221
221
221
221
223
223
223
223
223
223
222
222
222
222
222
219
219
219
219
219
222
222
222
222
222
222
226
226
226
226
226
232
232
232
232
232
217
217
217
217
217
217
219
219
219
219
219
217
217
217
217
217
214
214
214
214
214
214
205
205
205
205
205
212
212
212
212
212
215
215
215
215
215
215
207
207
207
207
207
207
207
207
207
207
214
214
214
214
214
214
219
219
219
219
219
211
211
211
211
211
223
223
223
223
223
223
226
226
226
226
226
219
219
219
219
219
223
223
223
223
223
223
223
223
223
223
223
215
215
215
215
215
215
215
215
215
215
215
216
216
216
216
216
210
210
210
210
210
210
210
210
210
210
210
209
209
209
209
209
211
211
211
211
211
202
202
202
202
202
202
207
207
207
207
207
212
212
212
212
212
214
214
214
214
214
214
214
214
214
214
214
208
208
208
208
208
222
222
222
222
222
222
208
208
208
208
208
217
217
217
217
217
209
209
209
209
209
209
217
217
217
217
217
211
211
211
211
211
207
207
207
207
207
207
211
211
211
211
211
209
209
209
209
209
215
215
215
215
215
215
210
210
210
210
210
214
214
214
214
214
210
210
210
210
210
210
213
213
213
213
213
213
213
213
213
213
211
211
211
211
211
211
207
207
207
207
207
210
210
210
210
210
219
219
219
219
219
219
231
231
231
231
231
222
222
222
222
222
217
217
217
217
217
217
225
225
225
225
225
236
236
236
236
236
229
229
229
229
229
229
227
227
227
227
227
221
221
221
221
221
222
222
222
222
222
222
215
215
215
215
215
210
210
210
210
210
207
207
207
207
207
207
212
212
212
212
212
215
215
215
215
215
217
217
217
217
217
217
212
212
212
212
212
213
213
213
213
213
219
219
219
219
219
219
220
220
220
220
220
223
223
223
223
223
219
219
219
219
219
219
218
218
218
218
218
206
206
206
206
206
208
208
208
208
208
208
211
211
211
211
211
211
211
211
211
211
203
203
203
203
203
203
203
203
203
203
203
211
211
211
211
211
215
215
215
215
215
215
208
208
208
208
208
217
217
217
217
217
214
214
214
214
214
214
211
211
211
211
211
213
213
213
213
213
224
224
224
224
224
224
210
210
210
210
210
211
211
211
211
211
222
222
222
222
222
222
217
217
217
217
217
213
213
213
213
213
207
207
207
207
207
207
211
211
211
211
211
216
216
216
216
216
209
209
209
209
209
209
217
217
217
217
217
222
222
222
222
222
214
214
214
214
214
214
212
212
212
212
212
217
217
217
217
217
216
216
216
216
216
216
222
222
222
222
222
222
222
222
222
222
221
221
221
221
221
221
224
224
224
224
224
222
222
222
222
222
220
220
220
220
220
220
229
229
229
229
229
226
226
226
226
226
223
223
223
223
223
223
211
211
211
211
211
211
211
211
211
211
212
212
212
212
212
212
213
213
213
213
213
215
215
215
215
215
208
208
208
208
208
208
214
214
214
214
214
211
211
211
211
211
214
214
214
214
214
214
216
216
216
216
216
212
212
212
212
212
212
212
212
212
212
212
217
217
217
217
217
204
204
204
204
204
217
217
217
217
217
217
210
210
210
210
210
210
210
210
210
210
214
214
214
214
214
214
202
202
202
202
202
213
213
213
213
213
207
207
207
207
207
207
207
207
207
207
207
213
213
213
213
213
212
212
212
212
212
212
216
216
216
216
216
207
207
207
207
207
213
213
213
213
213
213
218
218
218
218
218
227
227
227
227
227
217
217
217
217
217
217
220
220
220
220
220
212
212
212
212
212
213
213
213
213
213
213
211
211
211
211
211
207
207
207
207
207
212
212
212
212
212
212
217
217
217
217
217
210
210
210
210
210
209
209
209
209
209
209
207
207
207
207
207
218
218
218
218
218
222
222
222
222
222
222
218
218
218
218
218
218
218
218
218
218
222
222
222
222
222
222
229
229
229
229
229
218
218
218
218
218
224
224
224
224
224
224
220
220
220
220
220
213
213
213
213
213
217
217
217
217
217
217
219
219
219
219
219
210
210
210
210
210
210
210
210
210
210
210
214
214
214
214
214
213
213
213
213
213
212
212
212
212
212
212
221
221
221
221
221
218
218
218
218
218
215
215
215
215
215
215
211
211
211
211
211
211
211
211
211
211
217
217
217
217
217
217
216
216
216
216
216
212
212
212
212
212
215
215
215
215
215
215
207
207
207
207
207
210
210
210
210
210
211
211
211
211
211
211
215
215
215
215
215
213
213
213
213
213
217
217
217
217
217
217
211
211
211
211
211
218
218
218
218
218
219
219
219
219
219
219
217
217
217
217
217
219
219
219
219
219
217
217
217
217
217
217
219
219
219
219
219
222
222
222
222
222
214
214
214
214
214
214
219
219
219
219
219
211
211
211
211
211
220
220
220
220
220
220
215
215
215
215
215
212
212
212
212
212
223
223
223
223
223
223
218
218
218
218
218
218
218
218
218
218
217
217
217
217
217
217
218
218
218
218
218
221
221
221
221
221
212
212
212
212
212
212
218
218
218
218
218
214
214
214
214
214
206
206
206
206
206
206
213
213
213
213
213
209
209
209
209
209
203
203
203
203
203
203
213
213
213
213
213
206
206
206
206
206
214
214
214
214
214
214
212
212
212
212
212
220
220
220
220
220
214
214
214
214
214
214
223
223
223
223
223
207
207
207
207
207
210
210
210
210
210
210
220
220
220
220
220
210
210
210
210
210
212
212
212
212
212
212
213
213
213
213
213
216
216
216
216
216
208
208
208
208
208
208
217
217
217
217
217
220
220
220
220
220
217
217
217
217
217
217
205
205
205
205
205
213
213
213
213
213
206
206
206
206
206
206
209
209
209
209
209
208
208
208
208
208
210
210
210
210
210
210
215
215
215
215
215
213
213
213
213
213
220
220
220
220
220
220
210
210
210
210
210
215
215
215
215
215
213
213
213
213
213
213
220
220
220
220
220
215
215
215
215
215
230
230
230
230
230
230
215
215
215
215
215
217
217
217
217
217
222
222
222
222
222
222
225
225
225
225
225
222
222
222
222
222
217
217
217
217
217
217
216
216
216
216
216
218
218
218
218
218
220
220
220
220
220
220
218
218
218
218
218
220
220
220
220
220
220
220
220
220
220
220
215
215
215
215
215
215
215
215
215
215
217
217
217
217
217
217
219
219
219
219
219
216
216
216
216
216
213
213
213
213
213
213
217
217
217
217
217
223
223
223
223
223
216
216
216
216
216
216
215
215
215
215
215
214
214
214
214
214
209
209
209
209
209
209
212
212
212
212
212
216
216
216
216
216
203
203
203
203
203
203
210
210
210
210
210
212
212
212
212
212
213
213
213
213
213
213
206
206
206
206
206
210
210
210
210
210
213
213
213
213
213
213
212
212
212
212
212
215
215
215
215
215
220
220
220
220
220
220
216
216
216
216
216
215
215
215
215
215
212
212
212
212
212
212
216
216
216
216
216
217
217
217
217
217
212
212
212
212
212
212
215
215
215
215
215
208
208
208
208
208
212
212
212
212
212
212
212
212
212
212
212
218
218
218
218
218
215
215
215
215
215
215
216
216
216
216
216
217
217
217
217
217
222
222
222
222
222
222
219
219
219
219
219
214
214
214
214
214
217
217
217
217
217
217
216
216
216
216
216
207
207
207
207
207
205
205
205
205
205
205
215
215
215
215
215
213
213
213
213
213
214
214
214
214
214
214
215
215
215
215
215
215
215
215
215
215
219
219
219
219
219
219
224
224
224
224
224
217
217
217
217
217
218
218
218
218
218
218
214
214
214
214
214
217
217
217
217
217
223
223
223
223
223
223
215
215
215
215
215
211
211
211
211
211
210
210
210
210
210
210
207
207
207
207
207
216
216
216
216
216
211
211
211
211
211
211
210
210
210
210
210
219
219
219
219
219
213
213
213
213
213
213
219
219
219
219
219
213
213
213
213
213
216
216
216
216
216
216
211
211
211
211
211
215
215
215
215
215
214
214
214
214
214
214
214
214
214
214
214
217
217
217
217
217
214
214
214
214
214
214
215
215
215
215
215
216
216
216
216
216
211
211
211
211
211
211
203
203
203
203
203
207
207
207
207
207
210
210
210
210
210
210
212
212
212
212
212
219
219
219
219
219
207
207
207
207
207
207
210
210
210
210
210
211
211
211
211
211
210
210
210
210
210
210
202
202
202
202
202
215
215
215
215
215
218
218
218
218
218
218
216
216
216
216
216
218
218
218
218
218
222
222
222
222
222
222
213
213
213
213
213
220
220
220
220
220
216
216
216
216
216
216
211
211
211
211
211
218
218
218
218
218
208
208
208
208
208
208
219
219
219
219
219
210
210
210
210
210
222
222
222
222
222
222
218
218
218
218
218
211
211
211
211
211
218
218
218
218
218
218
205
205
205
205
205
217
217
217
217
217
221
221
221
221
221
221
219
219
219
219
219
216
216
216
216
216
224
224
224
224
224
224
214
214
214
214
214
208
208
208
208
208
211
211
211
211
211
211
219
219
219
219
219
210
210
210
210
210
217
217
217
217
217
217
220
220
220
220
220
212
212
212
212
212
216
216
216
216
216
216
218
218
218
218
218
221
221
221
221
221
209
209
209
209
209
209
219
219
219
219
219
208
208
208
208
208
205
205
205
205
205
205
201
201
201
201
201
206
206
206
206
206
212
212
212
212
212
212
215
215
215
215
215
212
212
212
212
212
209
209
209
209
209
209
212
212
212
212
212
216
216
216
216
216
216
216
216
216
216
216
218
218
218
218
218
212
212
212
212
212
208
208
208
208
208
208
212
212
212
212
212
213
213
213
213
213
211
211
211
211
211
211
213
213
213
213
213
215
215
215
215
215
172
172
172
172
172
172
218
218
218
218
218
214
214
214
214
214
214
214
214
214
214
214
219
219
219
219
219
216
216
216
216
216
206
206
206
206
206
206
211
211
211
211
211
217
217
217
217
217
220
220
220
220
220
220
224
224
224
224
224
223
223
223
223
223
215
215
215
215
215
215
213
213
213
213
213
221
221
221
221
221
210
210
210
210
210
210
213
213
213
213
213
214
214
214
214
214
210
210
210
210
210
210
214
214
214
214
214
206
206
206
206
206
217
217
217
217
217
217
196
196
196
196
196
211
211
211
211
211
210
210
210
210
210
210
211
211
211
211
211
216
216
216
216
216
213
213
213
213
213
213
211
211
211
211
211
211
211
211
211
211
214
214
214
214
214
214
215
215
215
215
215
212
212
212
212
212
208
208
208
208
208
208
214
214
214
214
214
213
213
213
213
213
213
213
213
213
213
213
204
204
204
204
204
216
216
216
216
216
214
214
214
214
214
214
208
208
208
208
208
216
216
216
216
216
211
211
211
211
211
211
222
222
222
222
222
221
221
221
221
221
222
222
222
222
222
222
217
217
217
217
217
220
220
220
220
220
217
217
217
217
217
217
223
223
223
223
223
218
218
218
218
218
216
216
216
216
216
216
216
216
216
216
216
212
212
212
212
212
216
216
216
216
216
216
215
215
215
215
215
214
214
214
214
214
212
212
212
212
212
212
207
207
207
207
207
214
214
214
214
214
211
211
211
211
211
211
218
218
218
218
218
213
213
213
213
213
218
218
218
218
218
218
214
214
214
214
214
215
215
215
215
215
222
222
222
222
222
222
217
217
217
217
217
216
216
216
216
216
221
221
221
221
221
221
218
218
218
218
218
225
225
225
225
225
216
216
216
216
216
216
216
216
216
216
216
210
210
210
210
210
212
212
212
212
212
212
204
204
204
204
204
208
208
208
208
208
209
209
209
209
209
209
206
206
206
206
206
213
213
213
213
213
208
208
208
208
208
208
208
208
208
208
208
214
214
214
214
214
209
209
209
209
209
209
216
216
216
216
216
213
213
213
213
213
218
218
218
218
218
218
222
222
222
222
222
216
216
216
216
216
221
221
221
221
221
221
219
219
219
219
219
220
220
220
220
220
220
220
220
220
220
220
215
215
215
215
215
214
214
214
214
214
211
211
211
211
211
211
209
209
209
209
209
217
217
217
217
217
218
218
218
218
218
218
207
207
207
207
207
214
214
214
214
214
211
211
211
211
211
211
217
217
217
217
217
218
218
218
218
218
216
216
216
216
216
216
216
216
216
216
216
215
215
215
215
215
216
216
216
216
216
216
214
214
214
214
214
220
220
220
220
220
214
214
214
214
214
214
218
218
218
218
218
217
217
217
217
217
218
218
218
218
218
218
215
215
215
215
215
215
215
215
215
215
212
212
212
212
212
212
218
218
218
218
218
223
223
223
223
223
214
214
214
214
214
214
208
208
208
208
208
215
215
215
215
215
217
217
217
217
217
217
215
215
215
215
215
217
217
217
217
217
211
211
211
211
211
211
215
215
215
215
215
217
217
217
217
217
214
214
214
214
214
214
214
214
214
214
214
212
212
212
212
212
213
213
213
213
213
213
214
214
214
214
214
216
216
216
216
216
215
215
215
215
215
215
207
207
207
207
207
218
218
218
218
218
212
212
212
212
212
212
214
214
214
214
214
216
216
216
216
216
215
215
215
215
215
215
213
213
213
213
213
220
220
220
220
220
218
218
218
218
218
218
215
215
215
215
215
214
214
214
214
214
218
218
218
218
218
218
219
219
219
219
219
215
215
215
215
215
218
218
218
218
218
218
213
213
213
213
213
220
220
220
220
220
213
213
213
213
213
213
188
188
188
188
188
218
218
218
218
218
215
215
215
215
215
215
215
215
215
215
215
216
216
216
216
216
225
225
225
225
225
225
220
220
220
220
220
214
214
214
214
214
213
213
213
213
213
213
208
208
208
208
208
210
210
210
210
210
191
191
191
191
191
191
217
217
217
217
217
152
152
152
152
152
216
216
216
216
216
216
213
213
213
213
213
217
217
217
217
217
215
215
215
215
215
215
215
215
215
215
215
205
205
205
205
205
221
221
221
221
221
221
215
215
215
215
215
211
211
211
211
211
210
210
210
210
210
210
211
211
211
211
211
212
212
212
212
212
212
212
212
212
212
212
424
424
424
424
424
211
211
211
211
211
211
211
211
211
211
211
216
216
216
216
216
216
216
216
216
216
209
209
209
209
209
209
208
208
208
208
208
201
201
201
201
201
216
216
216
216
216
216
293
293
293
293
293
218
218
218
218