227
232
232
232
232
232
232
231
231
231
231
231
236
236
236
236
236
225
225
225
225
225
225
227
227
227
227
227
222
222
222
222
222
219
219
219
219
219
219
219
219
219
219
219
212
212
212
212
212
220
220
220
220
220
220
216
216
216
216
216
229
229
229
229
229
240
240
240
240
240
240
240
240
240
240
240
246
246
246
246
246
247
247
247
247
247
247
256
256
256
256
256
234
234
234
234
234
229
229
229
229
229
229
221
221
221
221
221
209
209
209
209
209
211
211
211
211
211
211
210
210
210
210
210
213
213
213
213
213
205
205
205
205
205
205
204
204
204
204
204
211
211
211
211
211
214
214
214
214
214
214
214
214
214
214
214
230
230
230
230
230
148
148
148
148
148
148
237
237
237
237
237
234
234
234
234
234
233
233
233
233
233
233
231
231
231
231
231
218
218
218
218
218
213
213
213
213
213
213
233
233
233
233
233
222
222
222
222
222
226
226
226
226
226
226
217
217
217
217
217
232
232
232
232
232
220
220
220
220
220
220
233
233
233
233
233
241
241
241
241
241
241
241
241
241
241
241
260
260
260
260
260
250
250
250
250
250
246
246
246
246
246
246
229
229
229
229
229
223
223
223
223
223
212
212
212
212
212
212
207
207
207
207
207
204
204
204
204
204
200
200
200
200
200
200
198
198
198
198
198
199
199
199
199
199
207
207
207
207
207
207
228
228
228
228
228
255
255
255
255
255
395
395
395
395
395
395
1097
1097
1097
1097
1097
1993
1993
1993
1993
1993
2659
2659
2659
2659
2659
2659
2913
2913
2913
2913
2913
2704
2704
2704
2704
2704
1994
1994
1994
1994
1994
1994
923
923
923
923
923
266
266
266
266
266
214
214
214
214
214
214
197
197
197
197
197
184
184
184
184
184
178
178
178
178
178
178
180
180
180
180
180
182
182
182
182
182
179
179
179
179
179
179
185
185
185
185
185
192
192
192
192
192
192
192
192
192
192
192
206
206
206
206
206
210
210
210
210
210
218
218
218
218
218
218
218
218
218
218
218
216
216
216
216
216
211
211
211
211
211
211
198
198
198
198
198
199
199
199
199
199
191
191
191
191
191
191
187
187
187
187
187
192
192
192
192
192
185
185
185
185
185
185
179
179
179
179
179
186
186
186
186
186
190
190
190
190
190
190
186
186
186
186
186
180
180
180
180
180
190
190
190
190
190
190
185
185
185
185
185
185
185
185
185
185
192
192
192
192
192
192
186
186
186
186
186
188
188
188
188
188
186
186
186
186
186
186
193
193
193
193
193
190
190
190
190
190
183
183
183
183
183
183
200
200
200
200
200
231
231
231
231
231
219
219
219
219
219
219
230
230
230
230
230
238
238
238
238
238
263
263
263
263
263
263
292
292
292
292
292
352
352
352
352
352
420
420
420
420
420
420
479
479
479
479
479
481
481
481
481
481
442
442
442
442
442
442
395
395
395
395
395
427
427
427
427
427
337
337
337
337
337
337
347
347
347
347
347
411
411
411
411
411
615
615
615
615
615
615
1091
1091
1091
1091
1091
1660
1660
1660
1660
1660
2230
2230
2230
2230
2230
2230
2719
2719
2719
2719
2719
3030
3030
3030
3030
3030
3045
3045
3045
3045
3045
3045
2735
2735
2735
2735
2735
2129
2129
2129
2129
2129
1363
1363
1363
1363
1363
1363
598
598
598
598
598
300
300
300
300
300
253
253
253
253
253
253
216
216
216
216
216
204
204
204
204
204
226
226
226
226
226
226
190
190
190
190
190
191
191
191
191
191
182
182
182
182
182
182
139
139
139
139
139
186
186
186
186
186
192
192
192
192
192
192
195
195
195
195
195
191
191
191
191
191
195
195
195
195
195
195
192
192
192
192
192
193
193
193
193
193
184
184
184
184
184
184
179
179
179
179
179
183
183
183
183
183
181
181
181
181
181
181
178
178
178
178
178
175
175
175
175
175
180
180
180
180
180
180
177
177
177
177
177
179
179
179
179
179
180
180
180
180
180
180
187
187
187
187
187
168
168
168
168
168
192
192
192
192
192
192
200
200
200
200
200
205
205
205
205
205
212
212
212
212
212
212
237
237
237
237
237
231
231
231
231
231
341
341
341
341
341
341
245
245
245
245
245
242
242
242
242
242
282
282
282
282
282
282
249
249
249
249
249
251
251
251
251
251
254
254
254
254
254
254
278
278
278
278
278
278
278
278
278
278
284
284
284
284
284
284
303
303
303
303
303
327
327
327
327
327
371
371
371
371
371
371
437
437
437
437
437
526
526
526
526
526
661
661
661
661
661
661
709
709
709
709
709
745
745
745
745
745
780
780
780
780
780
780
788
788
788
788
788
722
722
722
722
722
610
610
610
610
610
610
507
507
507
507
507
428
428
428
428
428
395
395
395
395
395
395
366
366
366
366
366
241
241
241
241
241
348
348
348
348
348
348
342
342
342
342
342
335
335
335
335
335
202
202
202
202
202
202
336
336
336
336
336
288
288
288
288
288
271
271
271
271
271
271
262
262
262
262
262
271
271
271
271
271
253
253
253
253
253
253
230
230
230
230
230
216
216
216
216
216
212
212
212
212
212
212
215
215
215
215
215
203
203
203
203
203
201
201
201
201
201
201
200
200
200
200
200
200
200
200
200
200
197
197
197
197
197
197
188
188
188
188
188
190
190
190
190
190
190
190
190
190
190
190
189
189
189
189
189
169
169
169
169
169
197
197
197
197
197
197
199
199
199
199
199
201
201
201
201
201
195
195
195
195
195
195
194
194
194
194
194
199
199
199
199
199
204
204
204
204
204
204
202
202
202
202
202
205
205
205
205
205
196
196
196
196
196
196
201
201
201
201
201
206
206
206
206
206
213
213
213
213
213
213
221
221
221
221
221
224
224
224
224
224
224
224
224
224
224
224
229
229
229
229
229
227
227
227
227
227
224
224
224
224
224
224
166
166
166
166
166
224
224
224
224
224
218
218
218
218
218
218
223
223
223
223
223
229
229
229
229
229
239
239
239
239
239
239
239
239
239
239
239
268
268
268
268
268
276
276
276
276
276
276
303
303
303
303
303
311
311
311
311
311
327
327
327
327
327
327
292
292
292
292
292
277
277
277
277
277
269
269
269
269
269
269
250
250
250
250
250
243
243
243
243
243
242
242
242
242
242
242
237
237
237
237
237
240
240
240
240
240
240
240
240
240
240
240
224
224
224
224
224
228
228
228
228
228
224
224
224
224
224
224
217
217
217
217
217
218
218
218
218
218
215
215
215
215
215
215
215
215
215
215
215
213
213
213
213
213
209
209
209
209
209
209
207
207
207
207
207
199
199
199
199
199
205
205
205
205
205
205
207
207
207
207
207
203
203
203
203
203
211
211
211
211
211
211
214
214
214
214
214
217
217
217
217
217
214
214
214
214
214
214
207
207
207
207
207
216
216
216
216
216
211
211
211
211
211
211
211
211
211
211
211
217
217
217
217
217
209
209
209
209
209
209
213
213
213
213
213
217
217
217
217
217
218
218
218
218
218
218
217
217
217
217
217
214
214
214
214
214
217
217
217
217
217
217
212
212
212
212
212
214
214
214
214
214
213
213
213
213
213
213
212
212
212
212
212
205
205
205
205
205
217
217
217
217
217
217
220
220
220
220
220
225
225
225
225
225
221
221
221
221
221
221
226
226
226
226
226
230
230
230
230
230
231
231
231
231
231
231
240
240
240
240
240
233
233
233
233
233
234
234
234
234
234
234
221
221
221
221
221
224
224
224
224
224
224
224
224
224
224
224
224
224
224
224
224
223
223
223
223
223
234
234
234
234
234
234
231
231
231
231
231
234
234
234
234
234
234
234
234
234
234
234
233
233
233
233
233
240
240
240
240
240
236
236
236
236
236
236
220
220
220
220
220
219
219
219
219
219
217
217
217
217
217
217
220
220
220
220
220
206
206
206
206
206
211
211
211
211
211
211
224
224
224
224
224
210
210
210
210
210
220
220
220
220
220
220
235
235
235
235
235
227
227
227
227
227
228
228
228
228
228
228
226
226
226
226
226
218
218
218
218
218
217
217
217
217
217
217
212
212
212
212
212
215
215
215
215
215
210
210
210
210
210
210
213
213
213
213
213
212
212
212
212
212
208
208
208
208
208
208
221
221
221
221
221
213
213
213
213
213
214
214
214
214
214
214
220
220
220
220
220
223
223
223
223
223
215
215
215
215
215
215
220
220
220
220
220
217
217
217
217
217
226
226
226
226
226
226
231
231
231
231
231
227
227
227
227
227
222
222
222
222
222
222
231
231
231
231
231
231
231
231
231
231
226
226
226
226
226
226
229
229
229
229
229
228
228
228
228
228
227
227
227
227
227
227
223
223
223
223
223
225
225
225
225
225
209
209
209
209
209
209
217
217
217
217
217
212
212
212
212
212
223
223
223
223
223
223
233
233
233
233
233
222
222
222
222
222
235
235
235
235
235
235
235
235
235
235
235
227
227
227
227
227
216
216
216
216
216
216
220
220
220
220
220
221
221
221
221
221
213
213
213
213
213
213
220
220
220
220
220
222
222
222
222
222
218
218
218
218
218
218
215
215
215
215
215
218
218
218
218
218
222
222
222
222
222
222
225
225
225
225
225
224
224
224
224
224
236
236
236
236
236
236
231
231
231
231
231
227
227
227
227
227
222
222
222
222
222
222
218
218
218
218
218
221
221
221
221
221
220
220
220
220
220
220
224
224
224
224
224
219
219
219
219
219
223
223
223
223
223
223
218
218
218
218
218
222
222
222
222
222
227
227
227
227
227
227
225
225
225
225
225
233
233
233
233
233
238
238
238
238
238
238
236
236
236
236
236
236
236
236
236
236
229
229
229
229
229
229
222
222
222
222
222
237
237
237
237
237
238
238
238
238
238
238
224
224
224
224
224
224
224
224
224
224
230
230
230
230
230
230
224
224
224
224
224
222
222
222
222
222
227
227
227
227
227
227
225
225
225
225
225
223
223
223
223
223
223
223
223
223
223
223
224
224
224
224
224
224
224
224
224
224
219
219
219
219
219
219
228
228
228
228
228
225
225
225
225
225
228
228
228
228
228
228
226
226
226
226
226
223
223
223
223
223
221
221
221
221
221
221
230
230
230
230
230
231
231
231
231
231
230
230
230
230
230
230
222
222
222
222
222
228
228
228
228
228
222
222
222
222
222
222
218
218
218
218
218
214
214
214
214
214
218
218
218
218
218
218
213
213
213
213
213
209
209
209
209
209
213
213
213
213
213
213
220
220
220
220
220
226
226
226
226
226
212
212
212
212
212
212
220
220
220
220
220
221
221
221
221
221
219
219
219
219
219
219
229
229
229
229
229
225
225
225
225
225
222
222
222
222
222
222
217
217
217
217
217
222
222
222
222
222
217
217
217
217
217
217
217
217
217
217
217
214
214
214
214
214
220
220
220
220
220
220
205
205
205
205
205
216
216
216
216
216
217
217
217
217
217
217
216
216
216
216
216
219
219
219
219
219
218
218
218
218
218
218
215
215
215
215
215
217
217
217
217
217
222
222
222
222
222
222
223
223
223
223
223
221
221
221
221
221
220
220
220
220
220
220
221
221
221
221
221
220
220
220
220
220
218
218
218
218
218
218
221
221
221
221
221
224
224
224
224
224
227
227
227
227
227
227
225
225
225
225
225
224
224
224
224
224
231
231
231
231
231
231
215
215
215
215
215
221
221
221
221
221
221
221
221
221
221
221
225
225
225
225
225
232
232
232
232
232
235
235
235
235
235
235
233
233
233
233
233
227
227
227
227
227
237
237
237
237
237
237
239
239
239
239
239
234
234
234
234
234
238
238
238
238
238
238
233
233
233
233
233
222
222
222
222
222
236
236
236
236
236
236
235
235
235
235
235
225
225
225
225
225
229
229
229
229
229
229
231
231
231
231
231
227
227
227
227
227
231
231
231
231
231
231
231
231
231
231
231
232
232
232
232
232
223
223
223
223
223
223
227
227
227
227
227
221
221
221
221
221
224
224
224
224
224
224
222
222
222
222
222
224
224
224
224
224
209
209
209
209
209
209
219
219
219
219
219
223
223
223
223
223
230
230
230
230
230
230
227
227
227
227
227
218
218
218
218
218
219
219
219
219
219
219
225
225
225
225
225
221
221
221
221
221
215
215
215
215
215
215
214
214
214
214
214
214
214
214
214
214
213
213
213
213
213
213
206
206
206
206
206
207
207
207
207
207
217
217
217
217
217
217
216
216
216
216
216
220
220
220
220
220
242
242
242
242
242
242
222
222
222
222
222
220
220
220
220
220
229
229
229
229
229
229
219
219
219
219
219
214
214
214
214
214
213
213
213
213
213
213
207
207
207
207
207
212
212
212
212
212
214
214
214
214
214
214
205
205
205
205
205
210
210
210
210
210
212
212
212
212
212
212
217
217
217
217
217
216
216
216
216
216
218
218
218
218
218
218
229
229
229
229
229
217
217
217
217
217
231
231
231
231
231
231
223
223
223
223
223
215
215
215
215
215
215
215
215
215
215
215
221
221
221
221
221
225
225
225
225
225
221
221
221
221
221
221
219
219
219
219
219
221
221
221
221
221
231
231
231
231
231
231
229
229
229
229
229
223
223
223
223
223
217
217
217
217
217
217
225
225
225
225
225
231
231
231
231
231
227
227
227
227
227
227
230
230
230
230
230
231
231
231
231
231
229
229
229
229
229
229
230
230
230
230
230
219
219
219
219
219
222
222
222
222
222
222
226
226
226
226
226
227
227
227
227
227
226
226
226
226
226
226
219
219
219
219
219
229
229
229
229
229
228
228
228
228
228
228
216
216
216
216
216
216
216
216
216
216
205
205
205
205
205
205
217
217
217
217
217
222
222
222
222
222
218
218
218
218
218
218
211
211
211
211
211
213
213
213
213
213
213
213
213
213
213
213
212
212
212
212
212
221
221
221
221
221
215
215
215
215
215
215
220
220
220
220
220
226
226
226
226
226
220
220
220
220
220
220
223
223
223
223
223
226
226
226
226
226
223
223
223
223
223
223
219
219
219
219
219
215
215
215
215
215
214
214
214
214
214
214
222
222
222
222
222
217
217
217
217
217
220
220
220
220
220
220
220
220
220
220
220
221
221
221
221
221
223
223
223
223
223
223
229
229
229
229
229
229
229
229
229
229
231
231
231
231
231
231
234
234
234
234
234
229
229
229
229
229
225
225
225
225
225
225
230
230
230
230
230
230
230
230
230
230
222
222
222
222
222
222
228
228
228
228
228
224
224
224
224
224
226
226
226
226
226
226
229
229
229
229
229
223
223
223
223
223
236
236
236
236
236
236
230
230
230
230
230
225
225
225
225
225
234
234
234
234
234
234
231
231
231
231
231
230
230
230
230
230
230
230
230
230
230
230
219
219
219
219
219
225
225
225
225
225
225
225
225
225
225
225
222
222
222
222
222
218
218
218
218
218
215
215
215
215
215
215
210
210
210
210
210
223
223
223
223
223
219
219
219
219
219
219
225
225
225
225
225
211
211
211
211
211
218
218
218
218
218
218
223
223
223
223
223
222
222
222
222
222
219
219
219
219
219
219
225
225
225
225
225
214
214
214
214
214
204
204
204
204
204
204
220
220
220
220
220
210
210
210
210
210
218
218
218
218
218
218
223
223
223
223
223
225
225
225
225
225
227
227
227
227
227
227
224
224
224
224
224
231
231
231
231
231
220
220
220
220
220
220
227
227
227
227
227
220
220
220
220
220
223
223
223
223
223
223
213
213
213
213
213
216
216
216
216
216
210
210
210
210
210
210
216
216
216
216
216
217
217
217
217
217
219
219
219
219
219
219
214
214
214
214
214
206
206
206
206
206
216
216
216
216
216
216
222
222
222
222
222
221
221
221
221
221
222
222
222
222
222
222
224
224
224
224
224
232
232
232
232
232
222
222
222
222
222
222
237
237
237
237
237
221
221
221
221
221
231
231
231
231
231
231
214
214
214
214
214
227
227
227
227
227
219
219
219
219
219
219
220
220
220
220
220
219
219
219
219
219
209
209
209
209
209
209
218
218
218
218
218
216
216
216
216
216
218
218
218
218
218
218
225
225
225
225
225
228
228
228
228
228
220
220
220
220
220
220
225
225
225
225
225
216
216
216
216
216
222
222
222
222
222
222
215
215
215
215
215
224
224
224
224
224
222
222
222
222
222
222
222
222
222
222
222
225
225
225
225
225
226
226
226
226
226
226
215
215
215
215
215
216
216
216
216
216
219
219
219
219
219
219
223
223
223
223
223
214
214
214
214
214
219
219
219
219
219
219
220
220
220
220
220
221
221
221
221
221
226
226
226
226
226
226
216
216
216
216
216
222
222
222
222
222
220
220
220
220
220
220
221
221
221
221
221
227
227
227
227
227
221
221
221
221
221
221
217
217
217
217
217
220
220
220
220
220
222
222
222
222
222
222
214
214
214
214
214
212
212
212
212
212
227
227
227
227
227
227
217
217
217
217
217
214
214
214
214
214
222
222
222
222
222
222
219
219
219
219
219
220
220
220
220
220
224
224
224
224
224
224
220
220
220
220
220
216
216
216
216
216
221
221
221
221
221
221
217
217
217
217
217
222
222
222
222
222
212
212
212
212
212
212
212
212
212
212
212
208
208
208
208
208
216
216
216
216
216
216
211
211
211
211
211
213
213
213
213
213
211
211
211
211
211
211
216
216
216
216
216
216
216
216
216
216
223
223
223
223
223
223
217
217
217
217
217
219
219
219
219
219
222
222
222
222
222
222
228
228
228
228
228
226
226
226
226
226
198
198
198
198
198
198
225
225
225
225
225
224
224
224
224
224
222
222
222
222
222
222
220
220
220
220
220
210
210
210
210
210
221
221
221
221
221
221
217
217
217
217
217
220
220
220
220
220
219
219
219
219
219
219
218
218
218
218
218
216
216
216
216
216
221
221
221
221
221
221
216
216
216
216
216
221
221
221
221
221
225
225
225
225
225
225
225
225
225
225
225
223
223
223
223
223
219
219
219
219
219
219
226
226
226
226
226
220
220
220
220
220
217
217
217
217
217
217
220
220
220
220
220
219
219
219
219
219
222
222
222
222
222
222
214
214
214
214
214
214
214
214
214
214
217
217
217
217
217
217
218
218
218
218
218
217
217
217
217
217
219
219
219
219
219
219
225
225
225
225
225
217
217
217
217
217
220
220
220
220
220
220
221
221
221
221
221
213
213
213
213
213
223
223
223
223
223
223
220
220
220
220
220
221
221
221
221
221
222
222
222
222
222
222
220
220
220
220
220
219
219
219
219
219
220
220
220
220
220
220
218
218
218
218
218
225
225
225
225
225
225
225
225
225
225
225
219
219
219
219
219
222
222
222
222
222
220
220
220
220
220
220
215
215
215
215
215
217
217
217
217
217
221
221
221
221
221
221
222
222
222
222
222
252
252
252
252
252
228
228
228
228
228
228
221
221
221
221
221
226
226
226
226
226
221
221
221
221
221
221
218
218
218
218
218
220
220
220
220
220
221
221
221
221
221
221
221
221
221
221
221
221
221
221
221
221
218
218
218
218
218
218
223
223
223
223
223
223
223
223
223
223
221
221
221
221
221
221
232
232
232
232
232
224
224
224
224
224
223
223
223
223
223
223
221
221
221
221
221
223
223
223
223
223
225
225
225
225
225
225
230
230
230
230
230
218
218
218
218
218
222
222
222
222
222
222
223
223
223
223
223
221
221
221
221
221
220
220
220
220
220
220
219
219
219
219
219
214
214
214
214
214
217
217
217
217
217
217
227
227
227
227
227
228
228
228
228
228
231
231
231
231
231
231
226
226
226
226
226
229
229
229
229
229
225
225
225
225
225
225
226
226
226
226
226
226
226
226
226
226
229
229
229
229
229
229
226
226
226
226
226
217
217
217
217
217
219
219
219
219
219
219
212
212
212
212
212
227
227
227
227
227
208
208
208
208
208
208
221
221
221
221
221
221
221
221
221
221
224
224
224
224
224
224
191
191
191
191
191
222
222
222
222
222
212
212
212
212
212
212
218
218
218
218
218
216
216
216
216
216
181
181
181
181
181
181
223
223
223
223
223
224
224
224
224
224
213
213
213
213
213
213
214
214
214
214
214
220
220
220
220
220
224
224
224
224
224
224
221
221
221
221
221
217
217
217
217
217
216
216
216
216
216
216
222
222
222
222
222
212
212
212
212
212
127
127
127
127
127
127
220
220
220
220
220
217
217
217
217
217
211
211
211
211
211
211
224
224
224
224
224
219
219
219
219
219
219
219
219
219
219
219
217
217
217
217
217
223
223
223
223
223
228
228
228
228
228
228
226
226
226
226
226
221
221
221
221
221
222
222
222
222
222
222
225
225
225
225
225
205
205
205
205
205
217
217
217
217
217
217
215
215
215
215
215
221
221
221
221
221
217
217
217
217
217
217
227
227
227
227
227
216
216
216
216
216
214
214
214
214
214
214
218
218
218
218
218
223
223
223
223
223
216
216
216
216
216
216
224
224
224
224
224
220
220
220
220
220
219
219
219
219
219
219
227
227
227
227
227
187
187
187
187
187
213
213
213
213
213
213
208
208
208
208
208
215
215
215
215
215
164
164
164
164
164
164
215
215
215
215
215
208
208
208
208
208
219
219
219
219
219
219
216
216
216
216
216
218
218
218
218
218
220
220
220
220
220
220
220
220
220
220
220
199
199
199
199
199
222
222
222
222
222
222
223
223
223
223
223
227
227
227
227
227
221
221
221
221
221
221
217
217
217
217
217
220
220
220
220
220
220
220
220
220
220
220
218
218
218
218
218
225
225
225
225
225
222
222
222
222
222
222
217
217
217
217
217
229
229
229
229
229
220
220
220
220
220
220
222
222
222
222
222
220
220
220
220
220
222
222
222
222
222
222
226
226
226
226
226
231
231
231
231
231
217
217
217
217
217
217
222
222
222
222
222
222
222
222
222
222
220
220
220
220
220
220
217
217
217
217
217
214
214
214
214
214
220
220
220
220
220
220
223
223
223
223
223
209
209
209
209
209
225
225
225
225
225
225
221
221
221
221
221
222
222
222
222
222
223
223
223
223
223
223
209
209
209
209
209
217
217
217
217
217
219
219
219
219
219
219
217
217
217
217
217
273
273
273
273
273
214
214
214
214
214
214
215
215
215
215
215
132
132
132
132
132
221
221
221
221
221
221
223
223
223
223
223
216
216
216
216
216
218
218
218
218
218
218
206
206
206
206
206
201
201
201
201
201
216
216
216
216
216
216
223
223
223
223
223
223
223
223
223
223
196
196
196
196
196
196
222
222
222
222
222
222
222
222
222
222
222
222
222
222
222
222
224
224
224
224
224
222
222
222
222
222
232
232
232
232
232
232