214
214
212
212
212
212
212
0
0
0
0
0
0
302
302
302
302
302
230
230
230
230
230
215
215
215
215
215
215
214
214
214
214
214
125
125
125
125
125
209
209
209
209
209
209
207
207
207
207
207
210
210
210
210
210
210
210
210
210
210
210
211
211
211
211
211
218
218
218
218
218
217
217
217
217
217
217
212
212
212
212
212
212
212
212
212
212
214
214
214
214
214
214
216
216
216
216
216
219
219
219
219
219
217
217
217
217
217
217
210
210
210
210
210
220
220
220
220
220
216
216
216
216
216
216
209
209
209
209
209
219
219
219
219
219
232
232
232
232
232
232
216
216
216
216
216
217
217
217
217
217
211
211
211
211
211
211
245
245
245
245
245
218
218
218
218
218
214
214
214
214
214
214
211
211
211
211
211
212
212
212
212
212
217
217
217
217
217
217
210
210
210
210
210
220
220
220
220
220
214
214
214
214
214
214
213
213
213
213
213
214
214
214
214
214
201
201
201
201
201
201
210
210
210
210
210
158
158
158
158
158
210
210
210
210
210
210
212
212
212
212
212
203
203
203
203
203
211
211
211
211
211
211
193
193
193
193
193
226
226
226
226
226
212
212
212
212
212
212
212
212
212
212
212
219
219
219
219
219
211
211
211
211
211
211
228
228
228
228
228
212
212
212
212
212
211
211
211
211
211
211
211
211
211
211
211
216
216
216
216
216
215
215
215
215
215
215
214
214
214
214
214
220
220
220
220
220
212
212
212
212
212
212
215
215
215
215
215
216
216
216
216
216
217
217
217
217
217
217
216
216
216
216
216
210
210
210
210
210
211
211
211
211
211
211
209
209
209
209
209
211
211
211
211
211
208
208
208
208
208
208
217
217
217
217
217
216
216
216
216
216
219
219
219
219
219
219
210
210
210
210
210
217
217
217
217
217
220
220
220
220
220
220
221
221
221
221
221
214
214
214
214
214
211
211
211
211
211
211
214
214
214
214
214
219
219
219
219
219
210
210
210
210
210
210
214
214
214
214
214
207
207
207
207
207
217
217
217
217
217
217
214
214
214
214
214
212
212
212
212
212
216
216
216
216
216
216
219
219
219
219
219
214
214
214
214
214
204
204
204
204
204
204
225
225
225
225
225
214
214
214
214
214
211
211
211
211
211
211
225
225
225
225
225
210
210
210
210
210
218
218
218
218
218
218
215
215
215
215
215
216
216
216
216
216
214
214
214
214
214
214
210
210
210
210
210
214
214
214
214
214
215
215
215
215
215
215
213
213
213
213
213
211
211
211
211
211
216
216
216
216
216
216
207
207
207
207
207
221
221
221
221
221
204
204
204
204
204
204
216
216
216
216
216
210
210
210
210
210
211
211
211
211
211
211
221
221
221
221
221
209
209
209
209
209
220
220
220
220
220
220
212
212
212
212
212
212
212
212
212
212
214
214
214
214
214
214
205
205
205
205
205
214
214
214
214
214
215
215
215
215
215
215
208
208
208
208
208
218
218
218
218
218
211
211
211
211
211
211
207
207
207
207
207
213
213
213
213
213
208
208
208
208
208
208
204
204
204
204
204
217
217
217
217
217
218
218
218
218
218
218
219
219
219
219
219
214
214
214
214
214
210
210
210
210
210
210
208
208
208
208
208
218
218
218
218
218
212
212
212
212
212
212
216
216
216
216
216
211
211
211
211
211
219
219
219
219
219
219
209
209
209
209
209
211
211
211
211
211
212
212
212
212
212
212
210
210
210
210
210
213
213
213
213
213
211
211
211
211
211
211
210
210
210
210
210
214
214
214
214
214
212
212
212
212
212
212
214
214
214
214
214
223
223
223
223
223
213
213
213
213
213
213
217
217
217
217
217
210
210
210
210
210
217
217
217
217
217
217
207
207
207
207
207
216
216
216
216
216
213
213
213
213
213
213
212
212
212
212
212
214
214
214
214
214
220
220
220
220
220
220
213
213
213
213
213
212
212
212
212
212
209
209
209
209
209
209
213
213
213
213
213
213
213
213
213
213
211
211
211
211
211
211
221
221
221
221
221
216
216
216
216
216
213
213
213
213
213
213
212
212
212
212
212
218
218
218
218
218
213
213
213
213
213
213
212
212
212
212
212
215
215
215
215
215
213
213
213
213
213
213
215
215
215
215
215
217
217
217
217
217
223
223
223
223
223
223
217
217
217
217
217
217
217
217
217
217
214
214
214
214
214
214
212
212
212
212
212
213
213
213
213
213
211
211
211
211
211
211
215
215
215
215
215
222
222
222
222
222
221
221
221
221
221
221
210
210
210
210
210
215
215
215
215
215
212
212
212
212
212
212
215
215
215
215
215
212
212
212
212
212
218
218
218
218
218
218
212
212
212
212
212
212
212
212
212
212
208
208
208
208
208
208
211
211
211
211
211
209
209
209
209
209
207
207
207
207
207
207
210
210
210
210
210
210
210
210
210
210
214
214
214
214
214
214
214
214
214
214
214
212
212
212
212
212
213
213
213
213
213
213
223
223
223
223
223
221
221
221
221
221
218
218
218
218
218
218
228
228
228
228
228
216
216
216
216
216
224
224
224
224
224
224
215
215
215
215
215
216
216
216
216
216
211
211
211
211
211
211
219
219
219
219
219
214
214
214
214
214
214
214
214
214
214
214
208
208
208
208
208
210
210
210
210
210
213
213
213
213
213
213
208
208
208
208
208
213
213
213
213
213
210
210
210
210
210
210
214
214
214
214
214
216
216
216
216
216
214
214
214
214
214
214
216
216
216
216
216
225
225
225
225
225
216
216
216
216
216
216
220
220
220
220
220
218
218
218
218
218
218
218
218
218
218
218
210
210
210
210
210
204
204
204
204
204
213
213
213
213
213
213
213
213
213
213
213
208
208
208
208
208
200
200
200
200
200
200
206
206
206
206
206
209
209
209
209
209
204
204
204
204
204
204
208
208
208
208
208
201
201
201
201
201
210
210
210
210
210
210
209
209
209
209
209
206
206
206
206
206
212
212
212
212
212
212
214
214
214
214
214
216
216
216
216
216
222
222
222
222
222
222
226
226
226
226
226
224
224
224
224
224
224
224
224
224
224
224
223
223
223
223
223
220
220
220
220
220
220
220
220
220
220
220
211
211
211
211
211
213
213
213
213
213
214
214
214
214
214
214
207
207
207
207
207
206
206
206
206
206
215
215
215
215
215
215
211
211
211
211
211
219
219
219
219
219
208
208
208
208
208
208
215
215
215
215
215
214
214
214
214
214
205
205
205
205
205
205
215
215
215
215
215
205
205
205
205
205
207
207
207
207
207
207
203
203
203
203
203
200
200
200
200
200
202
202
202
202
202
202
194
194
194
194
194
202
202
202
202
202
204
204
204
204
204
204
204
204
204
204
204
213
213
213
213
213
222
222
222
222
222
222
217
217
217
217
217
216
216
216
216
216
219
219
219
219
219
219
219
219
219
219
219
214
214
214
214
214
213
213
213
213
213
213
213
213
213
213
213
213
213
213
213
213
215
215
215
215
215
215
211
211
211
211
211
221
221
221
221
221
216
216
216
216
216
216
217
217
217
217
217
209
209
209
209
209
209
209
209
209
209
209
213
213
213
213
213
210
210
210
210
210
207
207
207
207
207
207
217
217
217
217
217
201
201
201
201
201
209
209
209
209
209
209
208
208
208
208
208
205
205
205
205
205
207
207
207
207
207
207
206
206
206
206
206
204
204
204
204
204
203
203
203
203
203
203
208
208
208
208
208
209
209
209
209
209
210
210
210
210
210
210
202
202
202
202
202
215
215
215
215
215
212
212
212
212
212
212
217
217
217
217
217
221
221
221
221
221
220
220
220
220
220
220
215
215
215
215
215
209
209
209
209
209
215
215
215
215
215
215
216
216
216
216
216
220
220
220
220
220
210
210
210
210
210
210
211
211
211
211
211
215
215
215
215
215
221
221
221
221
221
221
214
214
214
214
214
214
214
214
214
214
223
223
223
223
223
223
223
223
223
223
223
232
232
232
232
232
228
228
228
228
228
228
221
221
221
221
221
226
226
226
226
226
224
224
224
224
224
224
220
220
220
220
220
213
213
213
213
213
216
216
216
216
216
216
218
218
218
218
218
219
219
219
219
219
222
222
222
222
222
222
213
213
213
213
213
213
213
213
213
213
210
210
210
210
210
210
207
207
207
207
207
209
209
209
209
209
204
204
204
204
204
204
209
209
209
209
209
212
212
212
212
212
211
211
211
211
211
211
207
207
207
207
207
215
215
215
215
215
214
214
214
214
214
214
213
213
213
213
213
214
214
214
214
214
215
215
215
215
215
215
221
221
221
221
221
214
214
214
214
214
217
217
217
217
217
217
215
215
215
215
215
222
222
222
222
222
217
217
217
217
217
217
217
217
217
217
217
222
222
222
222
222
213
213
213
213
213
213
212
212
212
212
212
209
209
209
209
209
211
211
211
211
211
211
210
210
210
210
210
213
213
213
213
213
205
205
205
205
205
205
209
209
209
209
209
210
210
210
210
210
209
209
209
209
209
209
210
210
210
210
210
212
212
212
212
212
209
209
209
209
209
209
204
204
204
204
204
190
190
190
190
190
194
194
194
194
194
194
189
189
189
189
189
188
188
188
188
188
186
186
186
186
186
186
184
184
184
184
184
192
192
192
192
192
190
190
190
190
190
190
198
198
198
198
198
205
205
205
205
205
210
210
210
210
210
210
228
228
228
228
228
256
256
256
256
256
269
269
269
269
269
269
269
269
269
269
269
246
246
246
246
246
225
225
225
225
225
225
215
215
215
215
215
199
199
199
199
199
197
197
197
197
197
197
188
188
188
188
188
191
191
191
191
191
195
195
195
195
195
195
195
195
195
195
195
203
203
203
203
203
207
207
207
207
207
207
244
244
244
244
244
343
343
343
343
343
871
871
871
871
871
871
1843
1843
1843
1843
1843
2687
2687
2687
2687
2687
3239
3239
3239
3239
3239
3239
3378
3378
3378
3378
3378
3034
3034
3034
3034
3034
2221
2221
2221
2221
2221
2221
1064
1064
1064
1064
1064
307
307
307
307
307
223
223
223
223
223
223
196
196
196
196
196
200
200
200
200
200
187
187
187
187
187
187
187
187
187
187
187
183
183
183
183
183
190
190
190
190
190
190
193
193
193
193
193
186
186
186
186
186
184
184
184
184
184
184
195
195
195
195
195
200
200
200
200
200
204
204
204
204
204
204
203
203
203
203
203
195
195
195
195
195
200
200
200
200
200
200
204
204
204
204
204
207
207
207
207
207
215
215
215
215
215
215
218
218
218
218
218
225
225
225
225
225
229
229
229
229
229
229
237
237
237
237
237
253
253
253
253
253
246
246
246
246
246
246
227
227
227
227
227
220
220
220
220
220
212
212
212
212
212
212
207
207
207
207
207
196
196
196
196
196
202
202
202
202
202
202
195
195
195
195
195
197
197
197
197
197
196
196
196
196
196
196
193
193
193
193
193
191
191
191
191
191
192
192
192
192
192
192
198
198
198
198
198
202
202
202
202
202
201
201
201
201
201
201
196
196
196
196
196
192
192
192
192
192
187
187
187
187
187
187
196
196
196
196
196
199
199
199
199
199
196
196
196
196
196
196
204
204
204
204
204
208
208
208
208
208
198
198
198
198
198
198
205
205
205
205
205
206
206
206
206
206
218
218
218
218
218
218
229
229
229
229
229
241
241
241
241
241
258
258
258
258
258
258
298
298
298
298
298
333
333
333
333
333
389
389
389
389
389
389
424
424
424
424
424
405
405
405
405
405
355
355
355
355
355
355
301
301
301
301
301
284
284
284
284
284
253
253
253
253
253
253
239
239
239
239
239
227
227
227
227
227
230
230
230
230
230
230
224
224
224
224
224
218
218
218
218
218
218
218
218
218
218
218
207
207
207
207
207
205
205
205
205
205
199
199
199
199
199
199
196
196
196
196
196
192
192
192
192
192
195
195
195
195
195
195
192
192
192
192
192
202
202
202
202
202
189
189
189
189
189
189
191
191
191
191
191
198
198
198
198
198
196
196
196
196
196
196
199
199
199
199
199
200
200
200
200
200
205
205
205
205
205
205
284
284
284
284
284
209
209
209
209
209
205
205
205
205
205
205
211
211
211
211
211
215
215
215
215
215
221
221
221
221
221
221
222
222
222
222
222
215
215
215
215
215
219
219
219
219
219
219
219
219
219
219
219
219
219
219
219
219
214
214
214
214
214
214
207
207
207
207
207
206
206
206
206
206
208
208
208
208
208
208
220
220
220
220
220
203
203
203
203
203
200
200
200
200
200
200
213
213
213
213
213
201
201
201
201
201
202
202
202
202
202
202
197
197
197
197
197
210
210
210
210
210
198
198
198
198
198
198
209
209
209
209
209
204
204
204
204
204
211
211
211
211
211
211
205
205
205
205
205
212
212
212
212
212
220
220
220
220
220
220
222
222
222
222
222
233
233
233
233
233
245
245
245
245
245
245
245
245
245
245
245
263
263
263
263
263
274
274
274
274
274
274
284
284
284
284
284
291
291
291
291
291
301
301
301
301
301
301
294
294
294
294
294
299
299
299
299
299
283
283
283
283
283
283
260
260
260
260
260
254
254
254
254
254
283
283
283
283
283
283
228
228
228
228
228
224
224
224
224
224
212
212
212
212
212
212
220
220
220
220
220
209
209
209
209
209
210
210
210
210
210
210
208
208
208
208
208
208
208
208
208
208
206
206
206
206
206
206
206
206
206
206
206
199
199
199
199
199
200
200
200
200
200
200
196
196
196
196
196
198
198
198
198
198
188
188
188
188
188
188
189
189
189
189
189
197
197
197
197
197
194
194
194
194
194
194
188
188
188
188
188
193
193
193
193
193
197
197
197
197
197
197
198
198
198
198
198
206
206
206
206
206
210
210
210
210
210
210
216
216
216
216
216
214
214
214
214
214
220
220
220
220
220
220
225
225
225
225
225
231
231
231
231
231
235
235
235
235
235
235
227
227
227
227
227
245
245
245
245
245
245
245
245
245
245
245
255
255
255
255
255
255
255
255
255
255
266
266
266
266
266
266
261
261
261
261
261
266
266
266
266
266
267
267
267
267
267
267
265
265
265
265
265
254
254
254
254
254
254
254
254
254
254
254
246
246
246
246
246
234
234
234
234
234
221
221
221
221
221
221
226
226
226
226
226
213
213
213
213
213
202
202
202
202
202
202
207
207
207
207
207
204
204
204
204
204
196
196
196
196
196
196
199
199
199
199
199
208
208
208
208
208
194
194
194
194
194
194
199
199
199
199
199
203
203
203
203
203
203
203
203
203
203
203
208
208
208
208
208
209
209
209
209
209
213
213
213
213
213
213
217
217
217
217
217
217
217
217
217
217
228
228
228
228
228
228
223
223
223
223
223
227
227
227
227
227
229
229
229
229
229
229
233
233
233
233
233
235
235
235
235
235
228
228
228
228
228
228
232
232
232
232
232
226
226
226
226
226
232
232
232
232
232
232
228
228
228
228
228
231
231
231
231
231
226
226
226
226
226
226
222
222
222
222
222
218
218
218
218
218
217
217
217
217
217
217
213
213
213
213
213
209
209
209
209
209
209
209
209
209
209
209
204
204
204
204
204
209
209
209
209
209
202
202
202
202
202
202
209
209
209
209
209
201
201
201
201
201
206
206
206
206
206
206
201
201
201
201
201
206
206
206
206
206
205
205
205
205
205
205
202
202
202
202
202
197
197
197
197
197
203
203
203
203
203
203
207
207
207
207
207
207
207
207
207
207
205
205
205
205
205
205
209
209
209
209
209
205
205
205
205
205
211
211
211
211
211
211
213
213
213
213
213
215
215
215
215
215
220
220
220
220
220
220
226
226
226
226
226
224
224
224
224
224
231
231
231
231
231
231
203
203
203
203
203
231
231
231
231
231
224
224
224
224
224
224
221
221
221
221
221
229
229
229
229
229
246
246
246
246
246
246
213
213
213
213
213
225
225
225
225
225
221
221
221
221
221
221
213
213
213
213
213
220
220
220
220
220
219
219
219
219
219
219
208
208
208
208
208
202
202
202
202
202
200
200
200
200
200
200
213
213
213
213
213
208
208
208
208
208
234
234
234
234
234
234
214
214
214
214
214
207
207
207
207
207
206
206
206
206
206
206
197
197
197
197
197
202
202
202
202
202
210
210
210
210
210
210
213
213
213
213
213
220
220
220
220
220
223
223
223
223
223
223
220
220
220
220
220
220
220
220
220
220
224
224
224
224
224
224
212
212
212
212
212
223
223
223
223
223
228
228
228
228
228
228
269
269
269
269
269
220
220
220
220
220
221
221
221
221
221
221
227
227
227
227
227
217
217
217
217
217
211
211
211
211
211
211
210
210
210
210
210
212
212
212
212
212
213
213
213
213
213
213
208
208
208
208
208
209
209
209
209
209
211
211
211
211
211
211
203
203
203
203
203
205
205
205
205
205
475
475
475
475
475
475
197
197
197
197
197
211
211
211
211
211
204
204
204
204
204
204
185
185
185
185
185
209
209
209
209
209
216
216
216
216
216
216
215
215
215
215
215
217
217
217
217
217
214
214
214
214
214
214
217
217
217
217
217
219
219
219
219
219
207
207
207
207
207
207
208
208
208
208
208
219
219
219
219
219
219
219
219
219
219
219
213
213
213
213
213
208
208
208
208
208
216
216
216
216
216
216
215
215
215
215
215
177
177
177
177
177
218
218
218
218
218
218
218
218
218
218
218
226
226
226
226
226
216
216
216
216
216
216
200
200
200
200
200
207
207
207
207
207
214
214
214
214
214
214
226
226
226
226
226
204
204
204
204
204
213
213
213
213
213
213
207
207
207
207
207
202
202
202
202
202
202
202
202
202
202
202
205
205
205
205
205
202
202
202
202
202
217
217
217
217
217
217
207
207
207
207
207
200
200
200
200
200
214
214
214
214
214
214
210
210
210
210
210
204
204
204
204
204
201
201
201
201
201
201
212
212
212
212
212
201
201
201
201
201
205
205
205
205
205
205
210
210
210
210
210
213
213
213
213
213
218
218
218
218
218
218
222
222
222
222
222
227
227
227
227
227
224
224
224
224
224
224
224
224
224
224
224
231
231
231
231
231
238
238
238
238
238
238
202
202
202
202
202
221
221
221
221
221
221
221
221
221
221
221
224
224
224
224
224
217
217
217
217
217
220
220
220
220
220
220
221
221
221
221
221
217
217
217
217
217
211
211
211
211
211
211
234
234
234
234
234
214
214
214
214
214
209
209
209
209
209
209
214
214
214
214
214
225
225
225
225
225
229
229
229
229
229
229
223
223
223
223
223
231
231
231
231
231
212
212
212
212
212
212
219
219
219
219
219
213
213
213
213
213
217
217
217
217
217
217
209
209
209
209
209
201
201
201
201
201
214
214
214
214
214
214
203
203
203
203
203
187
187
187
187
187
409
409
409
409
409
409
217
217
217
217
217
216
216
216
216
216
217
217
217
217
217
217
224
224
224
224
224
172
172
172
172
172
211
211
211
211
211
211
166
166
166
166
166
208
208
208
208
208
211
211
211
211
211
211
215
215
215
215
215
204
204
204
204
204
229
229
229
229
229
229
188
188
188
188
188
211
211
211
211
211
216
216
216
216
216
216
218
218
218
218
218
205
205
205
205
205
244
244
244
244
244
244
219
219
219
219
219
231
231
231
231
231
213
213
213
213
213
213
201
201
201
201
201
206
206
206
206
206
208
208
208
208
208
208
204
204
204
204
204
207
207
207
207
207
203
203
203
203
203
203
214
214
214
214
214
218
218
218
218
218
212
212
212
212
212
212
215
215
215
215
215
222
222
222
222
222
219
219
219
219
219
219
224
224
224
224
224
229
229
229
229
229
221
221
221
221
221
221
220
220
220
220
220
214
214
214
214
214
208
208
208
208
208
208
225
225
225
225
225
249
249
249
249
249
225
225
225
225
225
225
216
216
216
216
216
217
217
217
217
217
308
308
308
308
308
308
185
185
185
185
185
214
214
214
214
214
218
218
218
218
218
218
217
217
217
217
217
217
217
217
217
217
219
219
219
219
219
219
207
207
207
207
207
207
207
207
207
207
208
208
208
208
208
208
217
217
217
217
217
211
211
211
211
211
210
210
210
210
210
210
210
210
210
210
210
213
213
213
213
213
210
210
210
210
210
210
210
210
210
210
210
209
209
209
209
209
209
209
209
209
209
209
211
211
211
211
211
215
215
215
215
215
209
209
209
209
209
209
210
210
210
210
210
215
215
215
215
215
221
221
221
221
221
221
208
208
208
208
208
206
206
206
206
206
205
205
205
205
205
205
194
194
194
194
194
199
199
199
199
199
211
211
211
211
211
211
205
205
205
205
205
218
218
218
218
218
202
202
202
202
202
202
205
205
205
205
205
212
212
212
212
212
216
216
216
216
216
216
214
214
214
214
214
187
187
187
187
187
213
213
213
213
213
213
211
211
211
211
211
218
218
218
218
218
210
210
210
210
210
210
212
212
212
212
212
206
206
206
206
206
211
211
211
211
211
211
213
213
213
213
213
212
212
212
212
212
215
215
215
215
215
215
217
217
217
217
217
218
218
218
218
218
217
217
217
217
217
217
229
229
229
229
229
217
217
217
217
217
212
212
212
212
212
212
207
207
207
207
207
219
219
219
219
219
186
186
186
186
186
186
213
213
213
213
213
214
214
214
214
214
210
210
210
210
210
210
213
213
213
213
213
220
220
220
220
220
219
219
219
219
219
219
215
215
215
215
215
221
221
221
221
221
216
216
216
216
216
216
223
223
223
223
223
221
221
221
221
221
215
215
215
215
215
215
215
215
215
215
215
223
223
223
223
223
215
215
215
215
215
215
212
212
212
212
212
220
220
220
220
220
221
221
221
221
221
221
213
213
213
213
213
219
219
219
219
219
215
215
215
215
215
215
221
221
221
221
221
213
213
213
213
213
206
206
206
206
206
206
221
221
221
221
221
209
209
209
209
209
213
213
213
213
213
213
204
204
204
204
204
213
213
213
213
213
212
212
212
212
212
212
213
213
213
213
213
212
212
212
212
212
218
218
218
218
218
218
219
219
219
219
219
215
215
215
215
215
230
230
230
230
230
230
216
216
216
216
216
219
219
219
219
219
218
218
218
218
218
218
234
234
234
234
234
223
223
223
223
223
211
211
211
211
211
211
213
213
213
213
213
206
206
206
206
206
209
209
209
209
209
209
215
215
215
215
215
212
212
212
212
212
214
214
214
214
214
214
211
211
211
211
211
215
215
215
215
215
209
209
209
209
209
209
215
215
215
215
215
224
224
224
224
224
214
214
214
214
214
214
213
213
213
213
213
218
218
218
218
218