207
207
207
207
217
217
217
217
217
217
219
219
219
219
219
216
216
216
216
216
216
216
216
216
216
216
217
217
217
217
217
219
219
219
219
219
219
219
219
219
219
219
224
224
224
224
224
217
217
217
217
217
225
225
225
225
225
225
212
212
212
212
212
209
209
209
209
209
212
212
212
212
212
212
213
213
213
213
213
207
207
207
207
207
208
208
208
208
208
208
206
206
206
206
206
214
214
214
214
214
215
215
215
215
215
215
208
208
208
208
208
221
221
221
221
221
212
212
212
212
212
212
220
220
220
220
220
228
228
228
228
228
218
218
218
218
218
218
225
225
225
225
225
222
222
222
222
222
225
225
225
225
225
225
220
220
220
220
220
221
221
221
221
221
219
219
219
219
219
219
208
208
208
208
208
207
207
207
207
207
205
205
205
205
205
205
206
206
206
206
206
199
199
199
199
199
198
198
198
198
198
198
188
188
188
188
188
199
199
199
199
199
195
195
195
195
195
195
194
194
194
194
194
193
193
193
193
193
205
205
205
205
205
205
214
214
214
214
214
233
233
233
233
233
249
249
249
249
249
249
265
265
265
265
265
278
278
278
278
278
269
269
269
269
269
269
267
267
267
267
267
239
239
239
239
239
228
228
228
228
228
228
219
219
219
219
219
212
212
212
212
212
209
209
209
209
209
209
197
197
197
197
197
198
198
198
198
198
195
195
195
195
195
195
204
204
204
204
204
207
207
207
207
207
214
214
214
214
214
214
230
230
230
230
230
232
232
232
232
232
242
242
242
242
242
242
244
244
244
244
244
235
235
235
235
235
240
240
240
240
240
240
225
225
225
225
225
227
227
227
227
227
210
210
210
210
210
210
211
211
211
211
211
206
206
206
206
206
199
199
199
199
199
199
201
201
201
201
201
200
200
200
200
200
191
191
191
191
191
191
196
196
196
196
196
205
205
205
205
205
205
205
205
205
205
205
207
207
207
207
207
218
218
218
218
218
228
228
228
228
228
228
231
231
231
231
231
231
231
231
231
231
241
241
241
241
241
241
229
229
229
229
229
227
227
227
227
227
217
217
217
217
217
217
212
212
212
212
212
207
207
207
207
207
204
204
204
204
204
204
201
201
201
201
201
203
203
203
203
203
206
206
206
206
206
206
213
213
213
213
213
210
210
210
210
210
215
215
215
215
215
215
225
225
225
225
225
224
224
224
224
224
233
233
233
233
233
233
237
237
237
237
237
232
232
232
232
232
229
229
229
229
229
229
227
227
227
227
227
215
215
215
215
215
210
210
210
210
210
210
209
209
209
209
209
207
207
207
207
207
209
209
209
209
209
209
199
199
199
199
199
202
202
202
202
202
199
199
199
199
199
199
204
204
204
204
204
210
210
210
210
210
208
208
208
208
208
208
214
214
214
214
214
216
216
216
216
216
225
225
225
225
225
225
226
226
226
226
226
222
222
222
222
222
223
223
223
223
223
223
221
221
221
221
221
223
223
223
223
223
208
208
208
208
208
208
220
220
220
220
220
212
212
212
212
212
216
216
216
216
216
216
213
213
213
213
213
211
211
211
211
211
208
208
208
208
208
208
206
206
206
206
206
206
206
206
206
206
208
208
208
208
208
208
215
215
215
215
215
218
218
218
218
218
226
226
226
226
226
226
229
229
229
229
229
228
228
228
228
228
231
231
231
231
231
231
230
230
230
230
230
224
224
224
224
224
218
218
218
218
218
218
214
214
214
214
214
212
212
212
212
212
210
210
210
210
210
210
203
203
203
203
203
208
208
208
208
208
208
208
208
208
208
208
211
211
211
211
211
211
211
211
211
211
216
216
216
216
216
216
229
229
229
229
229
218
218
218
218
218
231
231
231
231
231
231
219
219
219
219
219
211
211
211
211
211
217
217
217
217
217
217
212
212
212
212
212
210
210
210
210
210
204
204
204
204
204
204
207
207
207
207
207
211
211
211
211
211
220
220
220
220
220
220
204
204
204
204
204
203
203
203
203
203
218
218
218
218
218
218
207
207
207
207
207
220
220
220
220
220
219
219
219
219
219
219
225
225
225
225
225
222
222
222
222
222
212
212
212
212
212
212
226
226
226
226
226
216
216
216
216
216
228
228
228
228
228
228
218
218
218
218
218
219
219
219
219
219
217
217
217
217
217
217
217
217
217
217
217
217
217
217
217
217
209
209
209
209
209
209
213
213
213
213
213
216
216
216
216
216
216
216
216
216
216
216
213
213
213
213
213
220
220
220
220
220
222
222
222
222
222
222
216
216
216
216
216
218
218
218
218
218
219
219
219
219
219
219
209
209
209
209
209
211
211
211
211
211
215
215
215
215
215
215
209
209
209
209
209
214
214
214
214
214
210
210
210
210
210
210
206
206
206
206
206
209
209
209
209
209
208
208
208
208
208
208
196
196
196
196
196
203
203
203
203
203
202
202
202
202
202
202
203
203
203
203
203
192
192
192
192
192
198
198
198
198
198
198
193
193
193
193
193
199
199
199
199
199
201
201
201
201
201
201
199
199
199
199
199
202
202
202
202
202
208
208
208
208
208
208
208
208
208
208
208
210
210
210
210
210
216
216
216
216
216
216
213
213
213
213
213
214
214
214
214
214
219
219
219
219
219
219
219
219
219
219
219
225
225
225
225
225
234
234
234
234
234
234
244
244
244
244
244
295
295
295
295
295
426
426
426
426
426
426
860
860
860
860
860
1425
1425
1425
1425
1425
1895
1895
1895
1895
1895
1895
2120
2120
2120
2120
2120
2004
2004
2004
2004
2004
1487
1487
1487
1487
1487
1487
701
701
701
701
701
281
281
281
281
281
219
219
219
219
219
219
200
200
200
200
200
192
192
192
192
192
185
185
185
185
185
185
185
185
185
185
185
184
184
184
184
184
182
182
182
182
182
182
180
180
180
180
180
180
180
180
180
180
177
177
177
177
177
177
180
180
180
180
180
183
183
183
183
183
181
181
181
181
181
181
184
184
184
184
184
196
196
196
196
196
193
193
193
193
193
193
207
207
207
207
207
216
216
216
216
216
221
221
221
221
221
221
224
224
224
224
224
222
222
222
222
222
227
227
227
227
227
227
225
225
225
225
225
230
230
230
230
230
240
240
240
240
240
240
289
289
289
289
289
518
518
518
518
518
1285
1285
1285
1285
1285
1285
2201
2201
2201
2201
2201
2971
2971
2971
2971
2971
3375
3375
3375
3375
3375
3375
3318
3318
3318
3318
3318
2794
2794
2794
2794
2794
1844
1844
1844
1844
1844
1844
774
774
774
774
774
273
273
273
273
273
224
224
224
224
224
224
206
206
206
206
206
193
193
193
193
193
185
185
185
185
185
185
189
189
189
189
189
179
179
179
179
179
180
180
180
180
180
180
178
178
178
178
178
181
181
181
181
181
178
178
178
178
178
178
178
178
178
178
178
179
179
179
179
179
182
182
182
182
182
182
184
184
184
184
184
199
199
199
199
199
210
210
210
210
210
210
232
232
232
232
232
299
299
299
299
299
462
462
462
462
462
462
876
876
876
876
876
1438
1438
1438
1438
1438
2042
2042
2042
2042
2042
2042
2670
2670
2670
2670
2670
3160
3160
3160
3160
3160
3504
3504
3504
3504
3504
3504
3656
3656
3656
3656
3656
3652
3652
3652
3652
3652
3428
3428
3428
3428
3428
3428
3004
3004
3004
3004
3004
2395
2395
2395
2395
2395
1720
1720
1720
1720
1720
1720
1098
1098
1098
1098
1098
568
568
568
568
568
316
316
316
316
316
316
257
257
257
257
257
239
239
239
239
239
221
221
221
221
221
221
203
203
203
203
203
209
209
209
209
209
199
199
199
199
199
199
198
198
198
198
198
193
193
193
193
193
191
191
191
191
191
191
191
191
191
191
191
188
188
188
188
188
194
194
194
194
194
194
186
186
186
186
186
185
185
185
185
185
183
183
183
183
183
183
184
184
184
184
184
188
188
188
188
188
186
186
186
186
186
186
190
190
190
190
190
189
189
189
189
189
192
192
192
192
192
192
200
200
200
200
200
212
212
212
212
212
226
226
226
226
226
226
244
244
244
244
244
276
276
276
276
276
380
380
380
380
380
380
628
628
628
628
628
1096
1096
1096
1096
1096
1586
1586
1586
1586
1586
1586
2116
2116
2116
2116
2116
2595
2595
2595
2595
2595
3008
3008
3008
3008
3008
3008
3187
3187
3187
3187
3187
3167
3167
3167
3167
3167
2888
2888
2888
2888
2888
2888
2428
2428
2428
2428
2428
1732
1732
1732
1732
1732
956
956
956
956
956
956
378
378
378
378
378
257
257
257
257
257
223
223
223
223
223
223
207
207
207
207
207
197
197
197
197
197
196
196
196
196
196
196
190
190
190
190
190
192
192
192
192
192
183
183
183
183
183
183
165
165
165
165
165
195
195
195
195
195
200
200
200
200
200
200
203
203
203
203
203
217
217
217
217
217
230
230
230
230
230
230
218
218
218
218
218
249
249
249
249
249
259
259
259
259
259
259
268
268
268
268
268
254
254
254
254
254
250
250
250
250
250
250
239
239
239
239
239
240
240
240
240
240
242
242
242
242
242
242
238
238
238
238
238
239
239
239
239
239
231
231
231
231
231
231
233
233
233
233
233
232
232
232
232
232
248
248
248
248
248
248
246
246
246
246
246
278
278
278
278
278
289
289
289
289
289
289
303
303
303
303
303
314
314
314
314
314
262
262
262
262
262
262
294
294
294
294
294
258
258
258
258
258
249
249
249
249
249
249
223
223
223
223
223
216
216
216
216
216
213
213
213
213
213
213
205
205
205
205
205
210
210
210
210
210
197
197
197
197
197
197
205
205
205
205
205
197
197
197
197
197
215
215
215
215
215
215
235
235
235
235
235
225
225
225
225
225
242
242
242
242
242
242
250
250
250
250
250
254
254
254
254
254
265
265
265
265
265
265
243
243
243
243
243
240
240
240
240
240
235
235
235
235
235
235
211
211
211
211
211
227
227
227
227
227
220
220
220
220
220
220
227
227
227
227
227
232
232
232
232
232
234
234
234
234
234
234
244
244
244
244
244
254
254
254
254
254
264
264
264
264
264
264
264
264
264
264
264
286
286
286
286
286
287
287
287
287
287
287
311
311
311
311
311
318
318
318
318
318
283
283
283
283
283
283
279
279
279
279
279
275
275
275
275
275
258
258
258
258
258
258
467
467
467
467
467
241
241
241
241
241
228
228
228
228
228
228
220
220
220
220
220
222
222
222
222
222
202
202
202
202
202
202
215
215
215
215
215
213
213
213
213
213
224
224
224
224
224
224
223
223
223
223
223
229
229
229
229
229
224
224
224
224
224
224
224
224
224
224
224
227
227
227
227
227
225
225
225
225
225
225
231
231
231
231
231
235
235
235
235
235
232
232
232
232
232
232
232
232
232
232
232
235
235
235
235
235
239
239
239
239
239
239
242
242
242
242
242
235
235
235
235
235
238
238
238
238
238
238
241
241
241
241
241
239
239
239
239
239
229
229
229
229
229
229
235
235
235
235
235
228
228
228
228
228
228
228
228
228
228
228
233
233
233
233
233
221
221
221
221
221
227
227
227
227
227
227
239
239
239
239
239
224
224
224
224
224
254
254
254
254
254
254
256
256
256
256
256
257
257
257
257
257
251
251
251
251
251
251
259
259
259
259
259
250
250
250
250
250
255
255
255
255
255
255
242
242
242
242
242
242
242
242
242
242
235
235
235
235
235
235
234
234
234
234
234
237
237
237
237
237
240
240
240
240
240
240
230
230
230
230
230
238
238
238
238
238
236
236
236
236
236
236
238
238
238
238
238
236
236
236
236
236
244
244
244
244
244
244
240
240
240
240
240
229
229
229
229
229
238
238
238
238
238
238
234
234
234
234
234
237
237
237
237
237
234
234
234
234
234
234
226
226
226
226
226
229
229
229
229
229
224
224
224
224
224
224
217
217
217
217
217
230
230
230
230
230
211
211
211
211
211
211
204
204
204
204
204
127
127
127
127
127
213
213
213
213
213
213
223
223
223
223
223
220
220
220
220
220
220
220
220
220
220
220
501
501
501
501
501
229
229
229
229
229
222
222
222
222
222
222
242
242
242
242
242
239
239
239
239
239
222
222
222
222
222
222
244
244
244
244
244
260
260
260
260
260
263
263
263
263
263
263
263
263
263
263
263
272
272
272
272
272
250
250
250
250
250
250
230
230
230
230
230
243
243
243
243
243
235
235
235
235
235
235
237
237
237
237
237
237
237
237
237
237
232
232
232
232
232
232
232
232
232
232
232
244
244
244
244
244
240
240
240
240
240
240
245
245
245
245
245
242
242
242
242
242
263
263
263
263
263
263
232
232
232
232
232
231
231
231
231
231
227
227
227
227
227
227
210
210
210
210
210
217
217
217
217
217
215
215
215
215
215
215
218
218
218
218
218
216
216
216
216
216
207
207
207
207
207
207
219
219
219
219
219
233
233
233
233
233
228
228
228
228
228
228
236
236
236
236
236
234
234
234
234
234
234
234
234
234
234
234
234
234
234
234
234
237
237
237
237
237
238
238
238
238
238
238
236
236
236
236
236
235
235
235
235
235
249
249
249
249
249
249
255
255
255
255
255
226
226
226
226
226
256
256
256
256
256
256
271
271
271
271
271
251
251
251
251
251
255
255
255
255
255
255
238
238
238
238
238
252
252
252
252
252
434
434
434
434
434
434
235
235
235
235
235
236
236
236
236
236
232
232
232
232
232
232
232
232
232
232
232
240
240
240
240
240
182
182
182
182
182
182
222
222
222
222
222
222
222
222
222
222
219
219
219
219
219
219
230
230
230
230
230
254
254
254
254
254
229
229
229
229
229
229
244
244
244
244
244
237
237
237
237
237
242
242
242
242
242
242
252
252
252
252
252
244
244
244
244
244
244
244
244
244
244
244
240
240
240
240
240
236
236
236
236
236
229
229
229
229
229
229
228
228
228
228
228
223
223
223
223
223
231
231
231
231
231
231
220
220
220
220
220
220
220
220
220
220
224
224
224
224
224
224
220
220
220
220
220
223
223
223
223
223
225
225
225
225
225
225
239
239
239
239
239
242
242
242
242
242
233
233
233
233
233
233
247
247
247
247
247
241
241
241
241
241
245
245
245
245
245
245
248
248
248
248
248
233
233
233
233
233
220
220
220
220
220
220
234
234
234
234
234
233
233
233
233
233
232
232
232
232
232
232
228
228
228
228
228
226
226
226
226
226
233
233
233
233
233
233
224
224
224
224
224
228
228
228
228
228
225
225
225
225
225
225
230
230
230
230
230
229
229
229
229
229
17
17
17
17
17
17
244
244
244
244
244
222
222
222
222
222
201
201
201
201
201
201
228
228
228
228
228
227
227
227
227
227
222
222
222
222
222
222
226
226
226
226
226
261
261
261
261
261
224
224
224
224
224
224
220
220
220
220
220
207
207
207
207
207
241
241
241
241
241
241
241
241
241
241
241
240
240
240
240
240
255
255
255
255
255
255
253
253
253
253
253
246
246
246
246
246
245
245
245
245
245
245
241
241
241
241
241
246
246
246
246
246
243
243
243
243
243
243
242
242
242
242
242
238
238
238
238
238
246
246
246
246
246
246
241
241
241
241
241
246
246
246
246
246
236
236
236
236
236
236
243
243
243
243
243
231
231
231
231
231
205
205
205
205
205
205
56
56
56
56
56
234
234
234
234
234
228
228
228
228
228
228
229
229
229
229
229
471
471
471
471
471
225
225
225
225
225
225
223
223
223
223
223
217
217
217
217
217
232
232
232
232
232
232
222
222
222
222
222
235
235
235
235
235
231
231
231
231
231
231
223
223
223
223
223
226
226
226
226
226
227
227
227
227
227
227
228
228
228
228
228
233
233
233
233
233
234
234
234
234
234
234
222
222
222
222
222
220
220
220
220
220
223
223
223
223
223
223
219
219
219
219
219
223
223
223
223
223
225
225
225
225
225
225
224
224
224
224
224
229
229
229
229
229
232
232
232
232
232
232
238
238
238
238
238
265
265
265
265
265
293
293
293
293
293
293
244
244
244
244
244
242
242
242
242
242
246
246
246
246
246
246
231
231
231
231
231
227
227
227
227
227
227
227
227
227
227
227
224
224
224
224
224
225
225
225
225
225
228
228
228
228
228
228
228
228
228
228
228
230
230
230
230
230
229
229
229
229
229
229
232
232
232
232
232
204
204
204
204
204
238
238
238
238
238
238
240
240
240
240
240
240
240
240
240
240
237
237
237
237
237
237
312
312
312
312
312
234
234
234
234
234
221
221
221
221
221
221
208
208
208
208
208
194
194
194
194
194
209
209
209
209
209
209
222
222
222
222
222
225
225
225
225
225
224
224
224
224
224
224
228
228
228
228
228
230
230
230
230
230
230
230
230
230
230
230
255
255
255
255
255
226
226
226
226
226
234
234
234
234
234
234
239
239
239
239
239
242
242
242
242
242
243
243
243
243
243
243
243
243
243
243
243
239
239
239
239
239
237
237
237
237
237
237
231
231
231
231
231
237
237
237
237
237
208
208
208
208
208
208
235
235
235
235
235
233
233
233
233
233
238
238
238
238
238
238
302
302
302
302
302
228
228
228
228
228
228
228
228
228
228
228
231
231
231
231
231
241
241
241
241
241
216
216
216
216
216
216
223
223
223
223
223
220
220
220
220
220
220
220
220
220
220
220
222
222
222
222
222
220
220
220
220
220
221
221
221
221
221
221
221
221
221
221
221
233
233
233
233
233
232
232
232
232
232
232
224
224
224
224
224
233
233
233
233
233
232
232
232
232
232
232
227
227
227
227
227
239
239
239
239
239
227
227
227
227
227
227
231
231
231
231
231
233
233
233
233
233
225
225
225
225
225
225
220
220
220
220
220
224
224
224
224
224
228
228
228
228
228
228
224
224
224
224
224
231
231
231
231
231
228
228
228
228
228
228
229
229
229
229
229
230
230
230
230
230
227
227
227
227
227
227
223
223
223
223
223
242
242
242
242
242
234
234
234
234
234
234
230
230
230
230
230
223
223
223
223
223
231
231
231
231
231
231
227
227
227
227
227
225
225
225
225
225
234
234
234
234
234
234
240
240
240
240
240
239
239
239
239
239
236
236
236
236
236
236
239
239
239
239
239
241
241
241
241
241
240
240
240
240
240
240
253
253
253
253
253
233
233
233
233
233
236
236
236
236
236
236
224
224
224
224
224
222
222
222
222
222
223
223
223
223
223
223
223
223
223
223
223
217
217
217
217
217
226
226
226
226
226
226
219
219
219
219
219
223
223
223
223
223
227
227
227
227
227
227
228
228
228
228
228
232
232
232
232
232
225
225
225
225
225
225
234
234
234
234
234
230
230
230
230
230
228
228
228
228
228
228
234
234
234
234
234
230
230
230
230
230
242
242
242
242
242
242
242
242
242
242
242
248
248
248
248
248
244
244
244
244
244
244
251
251
251
251
251
237
237
237
237
237
236
236
236
236
236
236
238
238
238
238
238
232
232
232
232
232
236
236
236
236
236
236
231
231
231
231
231
232
232
232
232
232
227
227
227
227
227
227
221
221
221
221
221
229
229
229
229
229
222
222
222
222
222
222
221
221
221
221
221
225
225
225
225
225
232
232
232
232
232
232
215
215
215
215
215
229
229
229
229
229
218
218
218
218
218
218
217
217
217
217
217
224
224
224
224
224
215
215
215
215
215
215
222
222
222
222
222
223
223
223
223
223
226
226
226
226
226
226
219
219
219
219
219
234
234
234
234
234
231
231
231
231
231
231
239
239
239
239
239
241
241
241
241
241
239
239
239
239
239
239
231
231
231
231
231
234
234
234
234
234
238
238
238
238
238
238
233
233
233
233
233
239
239
239
239
239
238
238
238
238
238
238
242
242
242
242
242
246
246
246
246
246
238
238
238
238
238
238
236
236
236
236
236
238
238
238
238
238
242
242
242
242
242
242
237
237
237
237
237
226
226
226
226
226
239
239
239
239
239
239
230
230
230
230
230
225
225
225
225
225
226
226
226
226
226
226
223
223
223
223
223
215
215
215
215
215
224
224
224
224
224
224
227
227
227
227
227
222
222
222
222
222
222
222
222
222
222
222
232
232
232
232
232
227
227
227
227
227
233
233
233
233
233
233
230
230
230
230
230
229
229
229
229
229
232
232
232
232
232
232
232
232
232
232
232
232
232
232
232
232
237
237
237
237
237
237
235
235
235
235
235
227
227
227
227
227
229
229
229
229
229
229
226
226
226
226
226
225
225
225
225
225
226
226
226
226
226
226
235
235
235
235
235
227
227
227
227
227
232
232
232
232
232
232
228
228
228
228
228
228
228
228
228
228
223
223
223
223
223
223
228
228
228
228
228
228
228
228
228
228
225
225
225
225
225
225
219
219
219
219
219
241
241
241
241
241
230
230
230
230
230
230
223
223
223
223
223
225
225
225
225
225
226
226
226
226
226
226
223
223
223
223
223
226
226
226
226
226
215
215
215
215
215
215
227
227
227
227
227
222
222
222
222
222
221
221
221
221
221
221
232
232
232
232
232
227
227
227
227
227
222
222
222
222
222
222
226
226
226
226
226
230
230
230
230
230
236
236
236
236
236
236
228
228
228
228
228
231
231
231
231
231
235
235
235
235
235
235
240
240
240
240
240
240
240
240
240
240
243
243
243
243
243
243
233
233
233
233
233
241
241
241
241
241
238
238
238
238
238
238
232
232
232
232
232
230
230
230
230
230
232
232
232
232
232
232
222
222
222
222
222
218
218
218
218
218
224
224
224
224
224
224
215
215
215
215
215
225
225
225
225
225
227
227
227
227
227
227
222
222
222
222
222
222
222
222
222
222
229
229
229
229
229
229
225
225
225
225
225
229
229
229
229
229
232
232
232
232
232
232
230
230
230
230
230
229
229
229
229
229
231
231
231
231
231
231
232
232
232
232
232
223
223
223
223
223
221
221
221
221
221
221
234
234
234
234
234
223
223
223
223
223
235
235
235
235
235
235
222
222
222
222
222
230
230
230
230
230
230
230
230
230
230
230
223
223
223
223
223
232
232
232
232
232
229
229
229
229
229
229
223
223
223
223
223
239
239
239
239
239
238
238
238
238
238
238
236
236
236
236
236
236
236
236
236
236
233
233
233
233
233
233
236
236
236
236
236
234
234
234
234
234
232
232
232
232
232
232
229
229
229
229
229
225
225
225
225
225
219
219
219
219
219
219
216
216
216
216
216
213
213
213
213
213
214
214
214
214
214
214
212
212
212
212
212
223
223
223
223
223
223
223
223
223
223
223
214
214
214
214
214
227
227
227
227
227
223
223
223
223
223
223
225
225
225
225
225
229
229
229
229
229
232
232
232
232
232
232
233
233
233
233
233
237
237
237
237
237
235
235
235
235
235
235
235
235
235
235
235
237
237
237
237
237
228
228
228
228
228
228
228
228
228
228
228
225
225
225
225
225
228
228
228